((("False" .
   [1 0 0 0 0])
  ("args_dict" .
   [0 0 0 0 0 0 0 1 0])
  ("optional" .
   [1 0 0 0 0 0 0 0])
  ("name" .
   [1 0 0 0])
  ("value" .
   [2 0 0 0 0])
  ("print" .
   [3 0 0 0 0])
  ("yige" .
   [1 0 0 0])
  ("is" .
   [1 0])
  ("春天在哪里啊春天在哪里" .
   [1 0 0 0 0 0 0 0 0 0 0])
  ("charge" .
   [0 0 1 0 0 0])
  ("chargeStr" .
   [0 0 0 0 0 0 0 1 0])
  ("tpl_dir" .
   [0 0 0 0 0 1 0])
  ("from" .
   [1 0 0 0])
  ("app" .
   [2 0 0])
  ("base" .
   [0 0 0 1])
  ("import" .
   [0 0 0 1 0 0])))
